gene_name	Degree	log2FC	padj	pct	pct.dif	Degree_norm_0_100	pct.dif_norm_100	pct_norm_100	padj_log	padj_log_norm_100	log2FC_abs	log2FC_abs_norm_100	score_norm	TF
aass	6	1.37338508887765	6.89566641104084e-05	0.243	1.952	14.7058823529412	10.2447388765962	25.4526091586794	4.1614237563682	14.404358527003	1.37338508887765	10.8761364107256	14.9751715480961	NO
ackr3b	1	1.25004528314398	1.65801362537843e-13	0.475	1.88888888888889	0	9.90790849498961	50.1597444089457	12.7798306777654	78.595912451066	1.25004528314398	8.70756594704898	18.4213914127563	NO
aldh1a3	2	4.46056615154336	6.6130296437992e-269	0.529	15.1428571428571	2.94117647058824	80.645677268001	55.9105431309904	15.653559774527	100	4.46056615154336	65.1552041350146	39.1845163020449	NO
apln	1	2.85048448171979	1.67942714518105e-10	0.061	6.2	0	32.9167444216363	6.0702875399361	9.77483825723671	56.2141503965429	2.85048448171979	36.8466176854309	16.5059750054433	NO
atp6v1ba	10	1.8972935861474	2.31750038656136e-23	0.304	3.11224489795918	26.4705882352941	16.4370832174943	31.9488817891374	15.6535597291993	99.9999996623904	1.8972935861474	20.0875380834478	34.2944819617058	NO
bcl11aa	3	2.4176887215971	1.5266306901137e-44	0.319	4.50704225352113	5.88235294117647	23.8812577418605	33.5463258785943	15.653559774527	100	2.4176887215971	29.2371675438185	26.2742703661224	NO
bcl11ab	1	3.6446916718325	1.17027220426036e-172	0.673	6.35849056603774	0	33.7626245986711	71.2460063897764	15.653559774527	100	3.6446916718325	50.8104328890722	31.97738298469	NO
bmpr1ba	2	2.0338374220727	1.25781245088847e-71	0.806	2.25418994413408	2.94117647058824	11.8575571649821	85.4100106496273	15.653559774527	100	2.0338374220727	22.488262876416	28.9400670716723	NO
cadps2	7	2.33587212731312	9.27094874433953e-24	0.194	4.33333333333333	17.6470588235294	22.9541556698923	20.234291799787	15.6535597563941	99.9999998649424	2.33587212731312	27.7986615501739	30.1969180223642	NO
cgnb	1	2.14815556565893	1.08037115258972e-13	0.129	4.19354838709677	0	22.2081092771926	13.3120340788072	12.9655353475377	79.9790765824837	2.14815556565893	24.4982137448221	17.4996792104132	NO
chfr	2	1.4060154347183	1.56700189326347e-08	0.247	2.2962962962963	2.94117647058824	12.0822830241401	25.8785942492013	7.80493047265927	41.5418979800099	1.4060154347183	11.4498457966669	12.8396658665464	NO
crb1	2	-2.20262507868284	2.26091854361366e-08	0.068	0.258426966292135	2.94117647058824	1.20596834666325	6.81576144834931	7.64571507987169	40.3560310831602	2.20262507868284	25.4559011387001	10.6997959874032	NO
CUX1A	6	1.23106606183369	1.45222624226742e-37	0.848	1.56353591160221	14.7058823529412	8.17146675649175	89.8828541001065	15.653559774527	100	1.23106606183369	8.3738717393092	33.156465250959	YES
cxcl12a	3	1.69171985909305	2.62706041839127e-13	0.236	2.78823529411765	5.88235294117647	14.7078111989111	24.7071352502662	12.5801630193096	77.1087492918473	1.69171985909305	16.4731241483342	19.5657789567581	NO
dennd2b	1	1.2528715228317	1.59056380421772e-08	0.319	1.98757763975155	0	10.4346203374546	33.5463258785943	7.79844889876235	41.4936219698248	1.2528715228317	8.75725712236423	11.7789781635297	NO
dmrta2	6	2.31907518564065	2.08733907206308e-18	0.137	4.75862068965517	14.7058823529412	25.223957294366	14.1640042598509	15.6494962420236	99.9697340276232	2.31907518564065	27.5033363599456	28.2105701691938	NO
DMRTA2	1	2.31907518564065	2.08733907206308e-18	0.137	4.75862068965517	0	25.223957294366	14.1640042598509	15.6494962420236	99.9697340276232	2.31907518564065	27.5033363599456	20.8576289927232	YES
efna2a	3	-2.11318569638616	3.35869577795609e-12	0.228	0.495670995670996	5.88235294117647	2.4721637208641	23.8551650692226	11.4738006212387	68.8683491595442	2.11318569638616	23.8833706682301	17.8260575478208	NO
efna5a	2	1.67565334171779	2.51042918513094e-39	0.707	1.98876404494382	2.94117647058824	10.4409523019315	74.8668796592119	15.653559774527	100	1.67565334171779	16.1906413373156	26.6578973976015	NO
egfra	1	1.55629204829521	8.09205141082209e-10	0.247	2.36190476190476	0	12.432442039224	25.8785942492013	9.09194124754154	51.1278020003451	1.55629204829521	14.0920213996341	12.9413574610506	NO
eno4	9	4.63203148525425	4.26085478818753e-139	0.243	18.7692307692308	23.5294117647059	100	25.4526091586794	15.653559774527	100	4.63203148525425	68.1699215331657	48.4675222188336	NO
epha2b	4	0.754792991225686	0.00592265438941442	0.262	1.8013698630137	8.82352941176471	9.44081060423188	27.4760383386581	2.22748360944067	0	0.754792991225686	0	9.02637082374361	NO
ephb2b	1	2.10225538332669	5.92849318256745e-101	0.943	2.04329004329004	0	10.731963068611	100	15.653559774527	100	2.10225538332669	23.6911930178883	29.3028945108124	NO
fbrsl1	2	1.01073446772187	1.88647560529504e-13	0.654	1.58212560386473	2.94117647058824	8.27068182383083	69.2225772097977	12.7238379276499	78.1788676687561	1.01073446772187	4.49998378915788	21.4921020467369	NO
fezf1	6	4.00971816457414	8.40749161485291e-97	0.217	13.625	14.7058823529412	72.5447202154034	22.6837060702875	15.653559774527	100	4.00971816457414	57.2283582774765	38.9100392468665	NO
fezf2	1	0.857235828320198	0.00254802222255215	0.198	2.05154639175258	0	10.7760280352128	20.6602768903088	2.59379678862484	2.72837107938316	0.857235828320198	1.80115826692716	4.49572928397899	NO
FOXG1A	20	2.92430596409725	4.65046660237698e-85	0.403	6.02985074626866	55.8823529411765	32.0086406494891	42.4920127795527	15.653559774527	100	2.92430596409725	38.1445529733643	54.521827270889	YES
FOXN3	12	1.46943487273689	2.4685934052827e-20	0.498	2.11440677966102	32.3529411764706	11.1115202817343	52.6091586794462	15.6535114942771	99.9996403994036	1.46943487273689	12.5648914973797	38.2121219454808	YES
GLI1	7	0.935465269264583	7.12589043934989e-07	0.392	1.77027027027027	17.6470588235294	9.2748289330625	41.3205537806177	6.14716085908116	29.1945107523921	0.935465269264583	3.17659463974134	19.1943404249914	YES
GRHL2A	2	0.934496245688189	0.000211423522627757	0.331	1.75661375661376	2.94117647058824	9.20194273877194	34.8242811501597	3.67484669546182	10.7802389039392	0.934496245688189	3.15955718866158	8.71634073298567	YES
her9	5	1.24056308993331	4.32694072440672e-16	0.468	2.03030303030303	11.7647058823529	10.6626500670914	49.4142705005325	15.1839320032504	96.5021219490927	1.24056308993331	8.54084925728919	26.5223394129272	NO
irx3a	5	-6.44240184690293	5.69644821783028e-07	0.004	0.0324675324675325	11.7647058823529	0	0	6.2443958459449	29.9187356537568	6.44240184690293	100	22.1221948978961	NO
kank1a	2	1.70553214033287	7.91960135532796e-34	0.54	2.41517857142857	2.94117647058824	12.7167697475407	57.0820021299255	15.653559774527	100	1.70553214033287	16.7159727968666	24.7849313195857	NO
lhx2b	5	2.0040576394365	2.65800627933144e-95	0.749	3.71287128712871	11.7647058823529	19.642686990034	79.3397231096912	15.653559774527	100	2.0040576394365	21.964672323833	33.5007382441212	NO
LHX2B	4	2.0040576394365	2.65800627933144e-95	0.749	3.71287128712871	8.82352941176471	19.642686990034	79.3397231096912	15.653559774527	100	2.0040576394365	21.964672323833	32.0301500088271	YES
LHX9	10	3.00579297695997	9.48776265496524e-107	0.479	6.15384615384615	26.4705882352941	32.6704166777744	50.5857294994675	15.653559774527	100	3.00579297695997	39.5772642397408	41.0894704197699	YES
lix1	2	2.37409313891189	1.99801363856153e-57	0.46	3.87394957983193	2.94117647058824	20.5023781259458	48.5623003194888	15.653559774527	100	2.37409313891189	28.4706664747147	26.1625063503128	NO
lmo4a	4	2.94649459875181	8.90728077601263e-83	0.502	4.53153153153153	8.82352941176471	24.0119594948845	53.0351437699681	15.653559774527	100	2.94649459875181	38.534675346713	31.359487032328	NO
nedd9	3	1.17602251280147	1.06667877224214e-10	0.449	1.78571428571429	5.88235294117647	9.35725520513983	47.3908413205538	9.97196544358384	57.6823916304169	1.17602251280147	7.40609159779548	18.1707489398265	NO
nid2a	1	1.29024762185191	6.72700678209065e-16	0.502	1.89811320754717	0	9.95713961640433	53.0351437699681	15.0483005824202	95.4919130156526	1.29024762185191	9.41440672545098	20.9873253909345	NO
nr2e1	4	1.5314259417325	2.85567990619729e-25	0.441	2.58479532163743	8.82352941176471	13.6220314945433	46.5388711395101	15.6535597739685	99.9999999958399	1.5314259417325	13.6548234981313	26.1387304718854	NO
NR2E1	4	1.5314259417325	2.85567990619729e-25	0.441	2.58479532163743	8.82352941176471	13.6220314945433	46.5388711395101	15.6535597739685	99.9999999958399	1.5314259417325	13.6548234981313	26.1387304718854	YES
nrxn1a	5	3.40768075417734	6.56416617775341e-118	0.361	9.28205128205128	11.7647058823529	49.3659637617409	38.0191693290735	15.653559774527	100	3.40768075417734	46.6432877201744	35.1359055425501	NO
ntn1a	1	1.11683512747132	5.09765110995664e-33	0.757	1.98950131233596	0	10.4448871725536	80.1916932907348	15.653559774527	100	1.11683512747132	6.36545419054708	24.6252543317294	NO
nxn	2	1.1306265024888	1.11755602685534e-21	0.677	1.6865671641791	2.94117647058824	8.82809699204647	71.6719914802982	15.6535575887176	99.9999837196705	1.1306265024888	6.60793526418339	24.8590891673189	NO
pax2a	4	2.68445332235397	1.49327302262746e-120	0.7	4.35403726708075	8.82352941176471	23.0646546578221	74.1214057507987	15.653559774527	100	2.68445332235397	33.927444381168	33.300952804606	NO
PAX2A	10	2.68445332235397	1.49327302262746e-120	0.7	4.35403726708075	26.4705882352941	23.0646546578221	74.1214057507987	15.653559774527	100	2.68445332235397	33.927444381168	42.1244822163707	YES
pax2b	1	2.88728149741191	1.62519798158129e-158	0.703	5.86666666666667	0	31.1377107159677	74.4408945686901	15.653559774527	100	2.88728149741191	37.4935857984963	30.3840238853943	NO
PAX2B	10	2.88728149741191	1.62519798158129e-158	0.703	5.86666666666667	26.4705882352941	31.1377107159677	74.4408945686901	15.653559774527	100	2.88728149741191	37.4935857984963	43.6193180030413	YES
pdgfab	1	1.5698463581248	1.13410514543854e-08	0.152	3.06	0	16.1582469142385	15.7614483493078	7.9453466706554	42.587744854924	1.5698463581248	14.3303343739179	11.1047218115485	NO
pkdcca	2	1.87532934218537	5.43065990211926e-33	0.464	2.73529411764706	2.94117647058824	14.4252587868343	48.9882854100107	15.653559774527	100	1.87532934218537	19.7013609654467	24.3599513805806	NO
plekhg4	4	1.54089936240034	2.99658540317646e-21	0.506	2.01190476190476	8.82352941176471	10.564456648272	53.4611288604899	15.6535539135797	99.9999563465363	1.54089936240034	13.8213859483319	26.6426306813361	NO
ptbp1a	3	0.870051786725248	1.21331499187964e-05	0.346	1.80729166666667	5.88235294117647	9.47241586912284	36.4217252396166	4.91602643616074	20.0247845585105	0.870051786725248	2.02648948660584	11.4343533648202	NO
rdh10a	3	2.83927491690195	2.03933647017446e-31	0.175	5.67741935483871	5.88235294117647	30.1276786766204	18.2108626198083	15.653559774527	100	2.83927491690195	36.6495302080343	26.0646854086461	NO
rfx4	1	-2.34948865261176	2.57107463148562e-26	0.19	0.34981684981685	0	1.69372539610603	19.8083067092652	15.6535597744767	99.9999999996255	2.34948865261176	28.0380684018783	18.6925125633594	NO
rgma	2	1.81728391798504	4.14826145557634e-35	0.559	2.35294117647059	2.94117647058824	12.3846024773909	59.1054313099042	15.653559774527	100	1.81728391798504	18.6808016113626	25.2419426601263	NO
RORB	1	1.56920178225312	8.35015154956163e-08	0.255	2.18803418803419	0	11.504477205205	26.7305644302449	7.07830564114105	36.1298563486079	1.56920178225312	14.3190013886857	11.0854874215929	YES
samd11	1	0.927777928857363	0.00441525256646768	0.251	1.82608695652174	0	9.57272823160278	26.3045793397231	2.35504444835232	0.950097685602043	0.927777928857363	3.04143519748211	4.98360505680126	NO
scube3	1	0.777832039164803	2.0321285522101e-11	0.593	1.71676300578035	0	8.98925525198543	62.7263045793397	10.692044076722	63.0456759160424	0.777832039164803	0.405074408661559	16.8957887695036	NO
shtn1	10	2.82428071872852	2.84510526373735e-19	0.099	6.25	26.4705882352941	33.1835994774865	10.1171458998935	15.6530036598746	99.9958579510081	2.82428071872852	36.3859010001561	35.6956071587151	NO
six3a	3	1.96762996111991	2.20362545015094e-22	0.209	4.03846153846154	5.88235294117647	21.3803950841086	21.8317358892439	15.6535593435227	99.9999967897967	1.96762996111991	21.3241979304466	23.5082171822877	NO
SIX3A	5	1.96762996111991	2.20362545015094e-22	0.209	4.03846153846154	11.7647058823529	21.3803950841086	21.8317358892439	15.6535593435227	99.9999967897967	1.96762996111991	21.3241979304466	26.4493936528759	YES
six3b	5	2.14923182508517	4.7748690821487e-31	0.27	4.04477611940298	11.7647058823529	21.4140966411046	28.3280085197018	15.653559774527	100	2.14923182508517	24.5171366253076	27.6647581644407	NO
SIX3B	5	2.14923182508517	4.7748690821487e-31	0.27	4.04477611940298	11.7647058823529	21.4140966411046	28.3280085197018	15.653559774527	100	2.14923182508517	24.5171366253076	27.6647581644407	YES
six6a	8	3.55664285801556	1.82886918520078e-87	0.281	8.8125	20.5882352941176	46.8599210898136	29.4994675186369	15.653559774527	100	3.55664285801556	49.2623515063475	38.4968351614086	NO
smoc1	3	4.19834631307042	7.90585829546665e-108	0.422	6.82258064516129	5.88235294117647	36.2395202783527	44.5154419595314	15.653559774527	100	4.19834631307042	60.544833676589	33.1036509598974	NO
SOX1B	6	2.6863867932447	2.60334080805678e-33	0.175	6.06896551724138	14.7058823529412	32.217400137339	18.2108626198083	15.653559774527	100	2.6863867932447	33.961438823117	30.4016538740036	YES
sulf1	3	2.81188820474928	1.91786719059249e-111	0.741	3.58454106280193	5.88235294117647	18.957775606434	78.4877529286475	15.653559774527	100	2.81188820474928	36.168014814701	32.1428693893111	NO
tjp1a	2	0.960629565799	0.000293319193960704	0.395	1.584	2.94117647058824	8.2806856655381	41.6400425985091	3.53265951711296	9.7212014264176	0.960629565799	3.61903534150125	9.37820886428987	NO
traf4a	1	1.214812193675	2.57216880800272e-11	0.327	2.21621621621622	0	11.6548875392948	34.3982960596379	10.5896967835789	62.2833735733126	1.214812193675	8.08809491162764	14.5530815104841	NO
vax1	7	4.27305820668357	0	0.654	14.8863636363636	17.6470588235294	79.2767454879899	69.2225772097977	15.653559774527	100	4.27305820668357	61.8584242470547	47.61824777987	NO
VAX1	34	4.27305820668357	0	0.654	14.8863636363636	97.0588235294118	79.2767454879899	69.2225772097977	15.653559774527	100	4.27305820668357	61.8584242470547	87.3241301328112	YES
vax2	6	3.33129624377785	9.56956417611465e-293	0.882	8.33018867924528	14.7058823529412	44.2857768010691	93.5037273695421	15.653559774527	100	3.33129624377785	45.3002890657707	42.7391653310183	NO
VAX2	35	3.33129624377785	9.56956417611465e-293	0.882	8.33018867924528	100	44.2857768010691	93.5037273695421	15.653559774527	100	3.33129624377785	45.3002890657707	85.3862241545477	YES
ZIC2A	15	1.26236602280024	1.10027812875174e-13	0.376	2.19186046511628	41.1764705882353	11.5248984328938	39.6166134185304	12.9576219632719	79.9201361730261	1.26236602280024	8.92419019053861	38.0864650709913	YES
