gene_name	Degree	log2FC	padj	pct	pct.dif	Degree_norm_0_100	pct.dif_norm_100	pct_norm_100	padj_log	padj_log_norm_100	log2FC_abs	log2FC_abs_norm_100	score_norm	TF
acap3b	6	2.06378354771508	1.97152433957337e-08	0.155	3.25	7.93650793650794	7.81944380812755	11.3186813186813	7.7051978520575	40.5010697691943	2.06378354771508	26.6844194349756	14.7587057596263	NO
adamts15b	5	4.041535430689	9.19135271021955e-83	0.235	11.8	6.34920634920635	30.4998396481422	20.1098901098901	15.653559774527	100	4.041535430689	67.2460718692264	30.4065783780105	NO
adgrb2	10	4.30843480181413	2.01527763094564e-41	0.089	15	14.2857142857143	38.9884088514225	4.06593406593407	15.653559774527	100	4.30843480181413	72.71990284858	34.1146378635992	NO
ago1	7	-2.07527404006816	2.52692331783618e-11	0.155	0.37772397094431	9.52380952380952	0.200220732014273	11.3186813186813	10.597404120811	62.1512136197397	2.07527404006816	26.9200775886279	17.3356789192877	NO
aldh1a3	7	3.75745659671782	1.22549695750201e-162	0.469	11.4634146341463	9.52380952380952	29.6069870947483	45.8241758241758	15.653559774527	100	3.75745659671782	61.4199078156548	34.3682886037271	NO
anos1b	3	2.39197268819565	2.74288347421912e-26	0.207	5.07317073170732	3.17460317460317	12.6557284723441	17.032967032967	15.6535597744734	99.9999999995984	2.39197268819565	33.4152404057292	21.9752935761314	NO
arhgef12a	9	0.880138926540467	1.00860847411144e-07	0.516	1.6517571884984	12.6984126984127	3.57982046154109	50.989010989011	6.99627738635664	35.1943147749753	0.880138926540467	2.409088366873	17.8707356732564	NO
atp1b3b	8	1.2735312631165	2.02531655875775e-08	0.263	2.49056603773585	11.1111111111111	5.80491013812735	23.1868131868132	7.69350708177336	40.4135563504214	1.2735312631165	10.4771596774669	15.5408604746591	NO
atp6v1ba	12	1.44720554457221	5.60080124882643e-07	0.239	2.35294117647059	17.4603174603175	5.43983571345797	20.5494505494506	6.25174983834806	29.6210163940037	1.44720554457221	14.0390401650142	17.4363265828995	NO
bhlhe40	12	4.13928153918862	1.61210584187578e-91	0.235	13.8823529411765	17.4603174603175	36.0236512252769	20.1098901098901	15.653559774527	100	4.13928153918862	69.2507437969307	36.9031943716709	NO
BHLHE40	11	4.13928153918862	1.61210584187578e-91	0.235	13.8823529411765	15.8730158730159	36.0236512252769	20.1098901098901	15.653559774527	100	4.13928153918862	69.2507437969307	36.1095435780202	YES
bmp4	7	2.53467171158125	4.53855172246106e-16	0.117	5.61904761904762	9.52380952380952	14.1037640144251	7.14285714285714	15.1701176967335	96.3811050958871	2.53467171158125	36.3418502798506	24.0081018285323	NO
bmp7b	2	3.75301487498325	9.34607144905239e-222	0.742	9.0609756097561	1.58730158730159	23.2340902462491	75.8241758241758	15.653559774527	100	3.75301487498325	61.3288126814479	33.3420356376349	NO
bmpr1aa	4	0.89471618774651	3.72516327045998e-07	0.535	1.675	4.76190476190476	3.64147615338801	53.0769230769231	6.4288546875143	30.9467674313703	0.89471618774651	2.70805296782876	13.6776048346412	NO
bmpr1ba	3	1.35406446601672	3.50203077837984e-26	0.718	1.96986301369863	3.17460317460317	4.42365274628445	73.1868131868132	15.6535597744585	99.9999999994873	1.35406446601672	12.1288126545551	25.3047114106941	NO
bnc2	1	3.08873757551153	4.26104269274801e-75	0.404	6.23076923076923	0	15.7264644001255	38.6813186813187	15.653559774527	100	3.08873757551153	47.7051700126724	25.2641191367646	NO
BNC2	32	3.08873757551153	4.26104269274801e-75	0.404	6.23076923076923	49.2063492063492	15.7264644001255	38.6813186813187	15.653559774527	100	3.08873757551153	47.7051700126724	49.8672937399392	YES
c1qtnf12	7	5.57251626094318	0	0.521	27.4736842105263	9.52380952380952	72.0770749892094	51.5384615384615	15.653559774527	100	5.57251626094318	98.6449105480667	45.044460646372	NO
camkmt	8	1.62146583453709	6.69481109972054e-11	0.305	2.40944881889764	11.1111111111111	5.58973228635055	27.8021978021978	10.1742602320912	58.9836919394098	1.62146583453709	17.6129390830214	19.304125694428	NO
caska	7	1.07813697572494	4.94197818700086e-08	0.474	1.79924242424242	9.52380952380952	3.9710512834396	46.3736263736264	7.30609917387581	37.5135429504657	1.07813697572494	6.46982425736498	16.5529103700168	NO
ccdc85cb	6	1.3436217643154	1.18819393081363e-07	0.239	2.5	7.93650793650794	5.82993540110872	20.5494505494506	6.92511266947873	34.6615981516363	1.3436217643154	11.9146436070977	13.0877074319156	NO
cdon	8	1.30726283139823	9.52659774123333e-44	0.92	1.83832335329341	11.1111111111111	4.07472039930767	95.3846153846154	15.653559774527	100	1.30726283139823	11.1689593721021	31.8840924500587	NO
cftr	6	4.01612561326522	5.48962526600182e-30	0.075	12.6666666666667	7.93650793650794	32.7988271406974	2.52747252747253	15.653559774527	99.9999999999999	4.01612561326522	66.7249427065473	29.2246592650936	NO
CLOCKA	30	0.839769584635343	1.38815061344344e-08	0.582	1.68985507246377	46.031746031746	3.6808818754594	58.2417582417582	7.85756340370754	41.6416302287749	0.839769584635343	1.58115477750239	36.1590511563099	YES
col15a1b	5	1.96558725556796	1.59287332504721e-49	0.587	3.28491620111732	6.34920634920635	7.91206524234631	58.7912087912088	15.653559774527	100	1.96558725556796	24.6705147047146	27.0963267668869	NO
cxxc4	5	1.77052176839217	2.16187439810668e-06	0.113	3.5625	6.34920634920635	8.6484056443854	6.7032967032967	5.66516954151005	25.2300613146096	1.77052176839217	20.6699226381078	10.8310639621531	NO
dact1	6	2.81210331096723	4.74410688409053e-26	0.146	6.68181818181818	7.93650793650794	16.9229519735773	10.3296703296703	15.6535597744342	99.9999999993054	2.81210331096723	42.0316864041128	25.1287925565872	NO
dph1	2	0.878320903553316	4.81507295094305e-05	0.432	1.76016260162602	1.58730158730159	3.86738510258609	41.7582417582418	4.31739712869279	15.1410621548552	0.878320903553316	2.371802589442	8.68596224429143	NO
efna5a	5	1.85184363761682	1.14525364588961e-52	0.808	2.27887323943662	6.34920634920635	5.24335733556514	83.0769230769231	15.653559774527	100	1.85184363761682	22.3377503485453	29.5068570197324	NO
efnb3a	2	1.19424300844877	2.06153876946571e-20	0.606	2.10763888888889	1.58730158730159	4.78912776225165	60.8791208791209	15.6535194549997	99.999698180736	1.19424300844877	8.85103930532246	22.6085240595797	NO
elovl4b	2	4.58751663873919	1.1784754277172e-115	0.23	17.7692307692308	1.58730158730159	46.3342860465691	19.5604395604396	15.653559774527	100	4.58751663873919	78.4435836436881	31.3359394499879	NO
elp2	5	1.05421308478797	1.97557954860647e-05	0.329	1.96428571428571	6.34920634920635	4.40885796752383	30.4395604395604	4.70430547834147	18.0373360193336	1.05421308478797	5.97916991522316	10.5327187173083	NO
eno4	5	1.97913358377368	3.27698577608698e-18	0.117	6.21052631578947	6.34920634920635	15.6727664674124	7.14285714285714	15.6471971914404	99.9523717099384	1.97913358377368	24.9483359325294	21.6391445811953	NO
epha3	15	2.84538131256857	2.57362840053352e-69	0.732	2.61785714285714	22.2222222222222	6.14257243649739	74.7252747252747	15.653559774527	100	2.84538131256857	42.7141839136741	39.0588649955419	NO
ephb2a	15	1.76456621085999	1.07440715335874e-15	0.296	2.94059405940594	22.2222222222222	6.99868951480295	26.8131868131868	14.8872436389416	94.2635991251177	1.76456621085999	20.5477802921684	29.6890180792706	NO
ephb2b	5	2.11677647551851	5.26535042906075e-69	0.878	1.87820512820513	6.34920634920635	4.1805139012726	90.7692307692308	15.653559774527	100	2.11677647551851	27.7712497586074	31.014727478242	NO
ephb6	11	2.24641422432228	8.37029919398755e-81	0.577	5.02608695652174	15.8730158730159	12.5308303835895	57.6923076923077	15.653559774527	100	2.24641422432228	30.4299863547422	33.0181484903379	NO
esrrga	7	1.86769167157382	4.6910226029359e-17	0.197	4.04081632653061	9.52380952380952	9.91722478151474	15.9340659340659	15.5703206505344	99.3768981735837	1.86769167157382	22.6627771886985	23.2482755216376	NO
ESRRGA	42	1.86769167157382	4.6910226029359e-17	0.197	4.04081632653061	65.0793650793651	9.91722478151474	15.9340659340659	15.5703206505344	99.3768981735837	1.86769167157382	22.6627771886985	51.0260532994154	YES
fbrsl1	8	-1.27202552860082	0.00101657078875124	0.263	0.615384615384615	11.1111111111111	0.83065786552294	23.1868131868132	2.99286237394309	5.22601277363077	1.27202552860082	10.4462786146758	10.5167758606359	NO
fcho2	18	1.96583298455477	3.36598348652382e-30	0.676	2.00890207715134	26.984126984127	4.52721080620619	68.5714285714286	15.653559774527	100	1.96583298455477	24.6755543529343	38.2138377083846	NO
fgfrl1a	7	0.860331903766037	1.37057284705307e-35	0.798	2.36390532544379	9.52380952380952	5.46892006886862	81.978021978022	15.653559774527	100	0.860331903766037	2.00286674703783	28.4431308611458	NO
flrt3	11	1.70947531952106	1.00163262621749e-37	0.69	2.47670250896057	15.8730158730159	5.76813466206153	70.1098901098901	15.653559774527	100	1.70947531952106	19.4179228990243	32.3485013953799	NO
foxd1	4	2.60934712462899	1.65940220718712e-44	0.244	6.62162162162162	4.76190476190476	16.7632698901311	21.0989010989011	15.653559774527	100	2.60934712462899	37.8733660253303	24.3478945077477	NO
FOXD1	31	2.60934712462899	1.65940220718712e-44	0.244	6.62162162162162	47.6190476190476	16.7632698901311	21.0989010989011	15.653559774527	100	2.60934712462899	37.8733660253303	45.7764659363191	YES
FOXN3	16	0.762781939856495	5.31731237229456e-07	0.451	1.89121338912134	23.8095238095238	4.21502062721059	43.8461538461539	6.274307825572	29.7898783709842	0.762781939856495	0.00221754268829865	21.6364207031415	YES
gdf11	5	1.36349341751105	3.09867789944806e-32	0.69	2.34237288135593	6.34920634920635	5.41180143082001	70.1098901098901	15.653559774527	100	1.36349341751105	12.3221907302505	26.6550884584732	NO
grapa	4	2.74505559154974	3.32039837555631e-07	0.052	6.625	4.76190476190476	16.7722316397123	0	6.47880980699151	31.3207156986283	2.74505559154974	40.6566067922901	13.4746466472812	NO
has2	6	2.4976926153017	4.37259138447082e-18	0.164	4.58333333333333	7.93650793650794	11.3563476428277	12.3076923076923	15.6450905917121	99.9366023688486	2.4976926153017	35.583447133563	23.8662651498704	NO
hs6st1a	5	1.69777634990283	4.57114705585065e-66	0.962	1.73826714801444	6.34920634920635	3.80930351720512	100	15.653559774527	100	1.69777634990283	19.1779890915641	31.0480147506993	NO
igsf21a	3	2.7198171998773	4.98429176693591e-05	0.07	4.17647058823529	3.17460317460317	10.2770718403273	1.97802197802198	4.30239654318052	15.0287725032866	2.7198171998773	40.1389933950637	10.015159051889	NO
immp1l	9	2.22804234916812	5.24316503536794e-08	0.108	4.03703703703704	12.6984126984127	9.90719954388806	6.15384615384615	7.28040647025413	37.3212154753031	2.22804234916812	30.0531981332349	16.7786387624904	NO
itgav	3	2.01967395144354	1.00658418760795e-32	0.479	2.98136645962733	3.17460317460317	7.10684555882267	46.9230769230769	15.653559774527	100	2.01967395144354	25.7797770840397	24.063514033044	NO
kitlga	6	4.29307391326023	1.39583272763521e-40	0.099	14.2857142857143	7.93650793650794	37.0936389399761	5.16483516483517	15.653559774527	100	4.29307391326023	72.4048668584903	30.8011715886667	NO
klf13	2	1.36909241471296	3.63520208161925e-07	0.216	2.6144578313253	1.58730158730159	6.13355515800315	18.021978021978	6.43947144135048	31.0262411017867	1.36909241471296	12.4370203913618	9.24600012779201	NO
KLF13	1	1.36909241471296	3.63520208161925e-07	0.216	2.6144578313253	0	6.13355515800315	18.021978021978	6.43947144135048	31.0262411017867	1.36909241471296	12.4370203913618	8.45234933414121	YES
klhl29	5	2.61559409149579	1.04310118126279e-14	0.16	4.23684210526316	6.34920634920635	10.4372180278892	11.8681318681319	13.9725257729912	87.4163097065016	2.61559409149579	38.0014848763352	21.6399962344604	NO
ldb3a	2	1.82049672416924	1.26239710481425e-07	0.127	3.55555555555556	1.58730158730159	8.62998427024634	8.24175824175824	6.89880400938205	34.4646598205906	1.82049672416924	21.6948574664334	9.92255826852937	NO
lhx2b	4	1.62659967503355	1.62020347051479e-56	0.695	3.34615384615385	4.76190476190476	8.07450898851459	70.6593406593407	15.653559774527	100	1.62659967503355	17.7182288595919	26.9374621943833	NO
LHX2B	43	1.62659967503355	1.62020347051479e-56	0.695	3.34615384615385	66.6666666666667	8.07450898851459	70.6593406593407	15.653559774527	100	1.62659967503355	17.7182288595919	57.8898431467642	YES
lmo4a	10	1.71282042505789	3.17631235950449e-15	0.324	2.70833333333333	14.2857142857143	6.38257662528061	29.8901098901099	14.468731004649	91.1307455546107	1.71282042505789	19.4865275654179	25.5041020972845	NO
lmx1a	10	1.31159120990085	0.00022435420668692	0.103	3.25	14.2857142857143	7.81944380812755	5.6043956043956	3.64906578294443	10.1381445097328	1.31159120990085	11.257729953457	11.4953213773213	NO
LMX1A	64	1.31159120990085	0.00022435420668692	0.103	3.25	100	7.81944380812755	5.6043956043956	3.64906578294443	10.1381445097328	1.31159120990085	11.257729953457	54.3524642344641	YES
lrba	11	1.19343405641841	9.32595683160366e-14	0.507	2.10788381742739	15.8730158730159	4.78977747876693	50	13.0292738029483	80.3554229850505	1.19343405641841	8.83444853305526	25.933964061117	NO
lrmda	7	1.8052002804835	3.20971974315575e-12	0.23	3	9.52380952380952	7.15627433912127	19.5604395604396	11.4935028434467	68.8591260044655	1.8052002804835	21.3811431741592	19.381527646678	NO
lrrtm1	4	2.63799457195214	2.21480251283932e-20	0.127	6.09523809523809	4.76190476190476	15.3669439553894	8.24175824175824	15.6535164576204	99.9996757433004	2.63799457195214	38.4608956398656	22.6396115784916	NO
lypd6	3	3.3546148296935	9.48573343975301e-102	0.441	7.49152542372881	3.17460317460317	19.070844460251	42.7472527472528	15.653559774527	100	3.3546148296935	53.1580384271298	28.4593185416308	NO
mab21l2	11	2.09482362155585	2.04927514250937e-66	0.709	3.36492890995261	15.8730158730159	8.12431318487452	72.1978021978022	15.653559774527	100	2.09482362155585	27.3210193530449	33.8918997784731	NO
mbnl2	18	2.10761778545006	1.89926010539513e-29	0.347	3.625	26.984126984127	8.81419801163696	32.4175824175824	15.653559774527	99.9999999999997	2.10761778545006	27.5834144661688	34.593962853987	NO
metrn	8	-1.40689007992733	5.88129495165014e-06	0.225	0.533018867924528	11.1111111111111	0.612168069493296	19.010989010989	5.23052703981945	21.976464644543	1.40689007992733	13.212211542714	12.407034714023	NO
MITFA	22	5.02741183899608	1.88148958744371e-33	0.066	16.75	33.3333333333333	43.6305951344665	1.53846153846154	15.653559774527	100	5.02741183899608	87.4653807527799	45.7459713448802	YES
mllt3	8	2.270902919754	8.5344242443804e-76	0.587	4.52307692307692	11.1111111111111	11.1965067964518	58.7912087912088	15.653559774527	100	2.270902919754	30.9322242548655	30.6705480358713	NO
myo9aa	4	1.27746803300602	8.40281337910451e-21	0.662	1.87818696883853	4.76190476190476	4.18046573032258	67.032967032967	15.6535433398722	99.999876975358	1.27746803300602	10.5578987698409	25.1023534445134	NO
nanos1	4	3.66013085319115	2.64980338885317e-104	0.362	9.55263157894737	4.76190476190476	24.5382951583384	34.0659340659341	15.653559774527	100	3.66013085319115	59.4238571402294	29.6344631765151	NO
nav2a	10	-1.84194030193304	9.51457640857737e-11	0.207	0.45021645021645	14.2857142857143	0.392519927957688	17.032967032967	10.0216095283249	57.8409969210315	1.84194030193304	22.134643142124	19.3179980208672	NO
nav2b	7	0.762673814349664	0.000653587964117166	0.498	1.57413249211356	9.52380952380952	3.37390714680786	49.010989010989	3.18469595397492	6.6620184444311	0.762673814349664	0	12.1427690871833	NO
nav3	6	4.25369608545406	1.570252517564e-108	0.263	14.6666666666667	7.93650793650794	38.1041828927476	23.1868131868132	15.653559774527	100	4.25369608545406	71.597268201227	33.0792870033524	NO
nbeab	3	1.36605511285792	5.75471165965876e-14	0.282	2.94791666666667	3.17460317460317	7.01811403307831	25.2747252747253	13.2383039382955	81.9201566446994	1.36605511285792	12.3747284611947	17.4107671390138	NO
nhsa	5	3.31667355730134	1.19951022911244e-73	0.319	7.80487804878049	6.34920634920635	19.90206803612	29.3406593406593	15.653559774527	100	3.31667355730134	52.3799020405928	28.3774318517747	NO
noc2l	9	1.11462824768937	3.05470431904598e-16	0.582	1.96296296296296	12.6984126984127	4.40534913435449	58.2417582417582	15.2777651562785	97.1869200232223	1.11462824768937	7.21822262980351	27.2307376028487	NO
nr2f2	3	-1.7067215570699	0.000128457498279668	0.235	0.59746835443038	3.17460317460317	0.783131796468548	20.1098901098901	3.89124054015952	11.9509883540058	1.7067215570699	19.3614460697557	8.11298362856661	NO
nrp2b	3	1.37452529257909	2.3087805146567e-31	0.577	2.65137614678899	3.17460317460317	6.2314875566538	57.6923076923077	15.653559774527	100	1.37452529257909	12.5484431161337	23.6463313829385	NO
nrxn3b	15	1.87970102817004	0.00113989975664398	0.108	3.02777777777778	22.2222222222222	7.22995983567753	6.15384615384615	2.94313333905867	4.85375690432153	1.87970102817004	22.9090767131274	16.2544410619827	NO
oafa	9	2.10175443529521	9.96036040091776e-16	0.207	3.64912280701754	12.6984126984127	8.87818804812002	17.032967032967	14.9143239575764	94.4663138485783	2.10175443529521	27.4631631984902	24.8292853652258	NO
olfm1a	5	2.52284188867729	5.02801738494372e-15	0.108	5.73684210526316	6.34920634920635	14.4162348419268	6.15384615384615	14.2798355686514	89.7167339032834	2.52284188867729	36.099232806385	21.4728591377833	NO
osr1	7	5.40546293614341	2.03218032559346e-91	0.113	38	9.52380952380952	100	6.7032967032967	15.653559774527	100	5.40546293614341	95.2188190565873	42.5021692318903	NO
OSR1	10	5.40546293614341	2.03218032559346e-91	0.113	38	14.2857142857143	100	6.7032967032967	15.653559774527	100	5.40546293614341	95.2188190565873	44.8831216128426	YES
pax6a	12	1.41064380830727	1.57444932066183e-46	0.911	2.08219178082192	17.4603174603175	4.72162478167358	94.3956043956044	15.653559774527	100	1.41064380830727	13.2891966424075	35.2809619576194	NO
PAX6A	37	1.41064380830727	1.57444932066183e-46	0.911	2.08219178082192	57.1428571428571	4.72162478167358	94.3956043956044	15.653559774527	100	1.41064380830727	13.2891966424075	55.1222317988892	YES
pax6b	6	1.54043218936616	4.03160040125158e-47	0.732	2.78707224334601	7.93650793650794	6.59144558985357	74.7252747252747	15.653559774527	100	1.54043218936616	15.9510225508216	28.6267218264977	NO
PAX6B	37	1.54043218936616	4.03160040125158e-47	0.732	2.78707224334601	57.1428571428571	6.59144558985357	74.7252747252747	15.653559774527	100	1.54043218936616	15.9510225508216	53.2298964296723	YES
pbx1a	13	1.08718822120549	3.97599415527415e-10	0.455	1.93220338983051	19.047619047619	4.32375389523006	44.2857142857143	9.40055402015134	53.1919712839609	1.08718822120549	6.6554559720607	23.0809214534303	NO
PBX1A	37	1.08718822120549	3.97599415527415e-10	0.455	1.93220338983051	57.1428571428571	4.32375389523006	44.2857142857143	9.40055402015134	53.1919712839609	1.08718822120549	6.6554559720607	42.1285405010493	YES
pcdh15a	8	3.06567790205984	1.38282831629193e-90	0.446	6.67164179104478	11.1111111111111	16.895957286915	43.2967032967033	15.653559774527	100	3.06567790205984	47.23223988031	31.4836681135466	NO
pcdh7b	11	2.88830479980413	2.54857709772128e-129	0.911	3.81589958158996	15.8730158730159	9.3205931082631	94.3956043956044	15.653559774527	100	2.88830479980413	43.5945003909346	38.8503451733582	NO
pdzrn3b	13	1.90005750720359	3.30089154757305e-63	0.723	3.20353982300885	19.047619047619	7.69619992450691	73.7362637362637	15.653559774527	100	1.90005750720359	23.3265671144523	35.1186883707124	NO
POU2F2A	22	1.4401124798384	6.68483169236758e-09	0.221	2.775	33.3333333333333	6.55942181701562	18.5714285714286	8.17490950830641	44.0171830685579	1.4401124798384	13.8935687189226	27.0468669386573	YES
prepl	8	1.74107394227205	1.43274357439275e-05	0.108	3.40625	11.1111111111111	8.23392472625647	6.15384615384615	4.84383153059479	19.0817840363434	1.74107394227205	20.0659780794848	12.2474971800469	NO
prex1	6	0.992675149726337	0.00425636007681696	0.394	1.60569105691057	7.93650793650794	3.45762185344399	37.5824175824176	2.3709616389931	0.570660035518423	0.992675149726337	4.71709030100071	9.75922768980156	NO
prmt3	10	1.11474403198732	3.28529715392164e-06	0.385	1.85576923076923	14.2857142857143	4.12099869251562	36.5934065934066	5.48342534252176	23.8695815678471	1.11474403198732	7.22059724640291	16.1184301553787	NO
prps1a	5	1.06947079223457	4.48943012569436e-05	0.324	1.94610778443114	6.34920634920635	4.36063777516668	29.8901098901099	4.34780878348755	15.3687142100192	1.06947079223457	6.29208976716226	10.1635471299104	NO
ptprt	15	4.26323318025974	1.7169965701024e-112	0.333	11.1333333333333	22.2222222222222	28.7313877307921	30.8791208791209	15.653559774527	100	4.26323318025974	71.792864184763	40.0365327104456	NO
ptprub	10	2.39641396391771	4.26170172916312e-64	0.629	3.5	14.2857142857143	8.48261327713383	63.4065934065934	15.653559774527	100	2.39641396391771	33.5063263926792	32.8172987774079	NO
rbm47	9	3.78921301821724	6.08100210381511e-47	0.127	12.8	12.6984126984127	33.1525175241673	8.24175824175824	15.653559774527	100	3.78921301821724	62.071199285785	31.7823907306702	NO
rbms2b	6	1.29288159415895	5.74686547931837e-06	0.291	2.08571428571429	7.93650793650794	4.73096885246976	26.2637362637363	5.24056896854875	22.0516353555241	1.29288159415895	10.8740150206413	11.9582984048004	NO
relch	1	1.01623012797182	3.71575060415481e-10	0.474	2.01271186440678	0	4.53731694457106	46.3736263736264	9.42995318339805	53.4120441467624	1.01623012797182	5.20017862411885	13.6903957611348	NO
rhoub	4	2.17219619128612	9.59528250910837e-17	0.202	3.90384615384615	4.76190476190476	9.55388703475934	16.4835164835165	15.497576389872	98.8323575837028	2.17219619128612	28.9078510018284	21.6031538939283	NO
rnf220a	10	-3.16597410609475	4.07432885323806e-05	0.131	0.438538205980066	14.2857142857143	0.361541307841014	8.68131868131868	4.38994392050217	15.6841245551887	3.16597410609475	49.2892116387803	16.3948816657482	NO
rorab	4	1.50651509936042	7.26134701869922e-28	0.408	3.32520325203252	4.76190476190476	8.01893381099935	39.1208791208791	15.6535597745256	99.9999999999894	1.50651509936042	15.2554179968644	22.6803562470439	NO
RORAB	60	1.50651509936042	7.26134701869922e-28	0.408	3.32520325203252	93.6507936507936	8.01893381099935	39.1208791208791	15.6535597745256	99.9999999999894	1.50651509936042	15.2554179968644	67.1248006914884	YES
RORCB	20	1.39749917632047	2.59722506778506e-09	0.202	3.02985074626866	30.1587301587302	7.23545875333099	16.4835164835165	8.58549037694513	47.0906619432653	1.39749917632047	13.0196137899705	25.5580214506255	YES
RREB1B	44	1.17191193303992	2.79582276716737e-10	0.371	2.21428571428571	68.2539682539683	5.07202743653011	35.0549450549451	9.55349001793803	54.3368019233868	1.17191193303992	8.39305196777292	46.9840874248135	YES
rx1	22	2.52867285667627	1.55426408192996e-80	0.521	5.38144329896907	33.3333333333333	13.4734762913048	51.5384615384615	15.653559774527	100	2.52867285667627	36.2188199494265	41.8205113890658	NO
RX1	48	2.52867285667627	1.55426408192996e-80	0.521	5.38144329896907	74.6031746031746	13.4734762913048	51.5384615384615	15.653559774527	100	2.52867285667627	36.2188199494265	62.4554320239864	YES
rx2	10	2.33544142127491	2.60873493784655e-43	0.31	5.27118644067797	14.2857142857143	13.1810003626359	28.3516483516484	15.653559774527	100	2.33544142127491	32.2558423941551	28.8664185314121	NO
RX2	48	2.33544142127491	2.60873493784655e-43	0.31	5.27118644067797	74.6031746031746	13.1810003626359	28.3516483516484	15.653559774527	100	2.33544142127491	32.2558423941551	59.0251486901422	YES
RXRAA	29	1.51996403354729	8.83623751659544e-49	0.634	3.12807881773399	44.4444444444444	7.49602618531168	63.956043956044	15.653559774527	100	1.51996403354729	15.5312417737472	45.5951362116101	YES
sdk1b	3	0.862753915581893	2.85005173341633e-09	0.624	1.62760416666667	3.17460317460317	3.51575027488891	62.8571428571429	8.5451472228812	46.7886658172265	0.862753915581893	2.0525397127481	15.9890639200524	NO
sema3ab	17	3.56714086925098	2.7532018501564e-154	0.54	9.16949152542373	25.3968253968254	23.5219480149372	53.6263736263736	15.653559774527	100	3.56714086925098	57.5167284245808	42.0315439566491	NO
shisa2b	5	3.91139089722566	9.56816969323141e-101	0.268	12.8095238095238	6.34920634920635	33.1777811229866	23.7362637362637	15.653559774527	100	3.91139089722566	64.5769416421223	30.8609764872747	NO
shtn1	12	2.31091834453228	4.6887308593502e-09	0.085	5.05882352941176	17.4603174603175	12.6176699662318	3.62637362637363	8.32894467517658	45.1702417410361	2.31091834453228	31.7528993687857	20.3760568179621	NO
SIX3A	8	1.74171769884215	3.13736137767274e-11	0.183	3.34545454545455	11.1111111111111	8.07265396902087	14.3956043956044	10.5034323804353	61.4477708124266	1.74171769884215	20.0791808631471	18.5549568105804	YES
six3b	7	1.57580396664763	9.53395683555902e-14	0.23	3.3	9.52380952380952	7.9520777019288	19.5604395604396	13.0197165285126	80.2838802432385	1.57580396664763	16.6764612412984	20.3210121052679	NO
SIX3B	8	1.57580396664763	9.53395683555902e-14	0.23	3.3	11.1111111111111	7.9520777019288	19.5604395604396	13.0197165285126	80.2838802432385	1.57580396664763	16.6764612412984	21.1146628989187	YES
six6b	14	2.18084380321229	6.29752635627251e-05	0.056	4.75	20.6349206349206	11.7984606221652	0.43956043956044	4.20083000622455	14.2684774443708	2.18084380321229	29.0852046083931	17.2664232067715	NO
smoc2	13	3.06295227183506	6.78534607168839e-123	0.685	5.44444444444444	19.047619047619	13.6405980360715	69.5604395604396	15.653559774527	100	3.06295227183506	47.1763400140055	38.3209817251241	NO
snai1b	2	3.6816220161565	2.37860546083467e-90	0.319	9.41176470588235	1.58730158730159	24.164620720694	29.3406593406593	15.653559774527	100	3.6816220161565	59.8646187393526	27.464888143739	NO
SNAI1B	27	3.6816220161565	2.37860546083467e-90	0.319	9.41176470588235	41.2698412698413	24.164620720694	29.3406593406593	15.653559774527	100	3.6816220161565	59.8646187393526	47.3061579850089	YES
stk17a	4	3.12247592217991	6.35215610560729e-45	0.211	7.57142857142857	4.76190476190476	19.2828017723789	17.4725274725275	15.653559774527	100	3.12247592217991	48.3971087250307	25.5250071271945	NO
stra6	6	1.94693069534281	1.44005196523656e-27	0.418	3.05839416058394	7.93650793650794	7.31117523699135	40.2197802197802	15.6535597745242	99.9999999999789	1.94693069534281	24.2878878858574	25.44560938608	NO
syt1a	1	1.1962499096804	3.71935302756438e-05	0.146	2.88235294117647	0	6.84419458900067	10.3296703296703	4.42953259801737	15.9804729077653	1.1962499096804	8.89219878085022	5.25581707591081	NO
syt9b	8	3.19633250615937	2.28459139528134e-39	0.141	10.1428571428571	11.1111111111111	26.1039734535862	9.78021978021978	15.653559774527	100	3.19633250615937	49.9118311303767	28.7800586010784	NO
tbx2b	11	1.06304031932091	0.000472139269316071	0.235	2.14545454545455	15.8730158730159	4.88944051779074	20.1098901098901	3.32592987642086	7.71925103899603	1.06304031932091	6.16020739629603	12.7963565693796	NO
TBX2B	33	1.06304031932091	0.000472139269316071	0.235	2.14545454545455	50.7936507936508	4.88944051779074	20.1098901098901	3.32592987642086	7.71925103899603	1.06304031932091	6.16020739629603	30.256674029697	YES
TEAD3A	18	1.42504561763873	9.1168160613226e-09	0.376	2.00531914893617	26.984126984127	4.51770645179843	35.6043956043956	8.04015679675505	43.0084667744066	1.42504561763873	13.584562906273	25.5814549591727	YES
tenm3	8	1.48607485586448	3.49904098483489e-43	0.897	1.73025048169557	11.1111111111111	3.78803788382157	92.8571428571429	15.653559774527	100	1.48607485586448	14.836209672761	31.9907293572712	NO
tfdp2	8	-2.03316249403758	8.44386885193959e-08	0.136	0.384831460674157	11.1111111111111	0.219074612774714	9.23076923076923	7.07345851952329	35.772068392917	2.03316249403758	26.0564131885248	14.4653462336788	NO
tfec	18	5.6385892770636	1.09705719657225e-123	0.169	34	26.984126984127	89.3892884958996	12.8571428571429	15.653559774527	100	5.6385892770636	100	51.2728674111938	NO
TFEC	14	5.6385892770636	1.09705719657225e-123	0.169	34	20.6349206349206	89.3892884958996	12.8571428571429	15.653559774527	100	5.6385892770636	100	48.0982642365906	YES
tle3a	4	-1.68958862190536	7.52680783899319e-06	0.113	0.364217252396166	4.76190476190476	0.164391758543914	6.7032967032967	5.12338917144198	21.1744643559491	1.68958862190536	19.0100672303243	8.26247988696663	NO
trpm1b	2	4.46166160172014	6.13351627984149e-224	0.624	11.3636363636364	1.58730158730159	29.3423074840586	62.8571428571429	15.653559774527	100	4.46166160172014	75.8624265670024	34.3013854071763	NO
tspan9a	11	3.43225298024053	5.67319782862575e-105	0.404	8.61702127659574	15.8730158730159	22.0564224087091	38.6813186813187	15.653559774527	100	3.43225298024053	54.7503168647017	34.8725151808491	NO
ttyh3b	8	2.4667475954229	2.66223456301288e-75	0.808	2.84859154929577	11.1111111111111	6.75463649169492	83.0769230769231	15.653559774527	100	2.4667475954229	34.9487966742711	33.6531000859167	NO
usta	6	1.71164434803046	4.45488311226491e-17	0.305	2.97087378640777	7.93650793650794	7.07901187671278	27.8021978021978	15.574150547808	99.4055675765241	1.71164434803046	19.4624074378968	23.1869020549204	NO
vax1	12	2.57578320543995	4.82430490032674e-83	0.404	7.10526315789474	17.4603174603175	18.0462150933296	38.6813186813187	15.653559774527	100	2.57578320543995	37.1850046407718	32.9692260320862	NO
VAX1	62	2.57578320543995	4.82430490032674e-83	0.404	7.10526315789474	96.8253968253968	18.0462150933296	38.6813186813187	15.653559774527	100	2.57578320543995	37.1850046407718	72.6517657146259	YES
vax2	11	2.4575528514018	3.0888233241842e-108	0.657	5.48333333333333	15.8730158730159	13.7437577312503	66.4835164835165	15.653559774527	100	2.4575528514018	34.7602219524283	34.8099449574073	NO
VAX2	46	2.4575528514018	3.0888233241842e-108	0.657	5.48333333333333	71.4285714285714	13.7437577312503	66.4835164835165	15.653559774527	100	2.4575528514018	34.7602219524283	62.5877227351851	YES
vegfab	2	1.38853676068587	0.00507308190936146	0.094	3.06451612903226	1.58730158730159	7.32741484725193	4.61538461538462	2.29472812556026	0	1.38853676068587	12.8358038838485	3.89097621196143	NO
wnt2	6	5.2380937408145	3.0834413549314e-39	0.07	17.75	7.93650793650794	46.2832730104916	1.97802197802198	15.653559774527	100	5.2380937408145	91.7862493861576	33.9741970150879	NO
zbtb10	13	1.35925866323671	0.000158690745556191	0.127	2.97674418604651	19.047619047619	7.09458415595789	8.24175824175824	3.79944839946427	11.2638613423981	1.35925866323671	12.2353402853089	14.3782525269874	NO
zfhx4	6	-2.60114811850591	6.36802699576548e-27	0.174	0.302245250431779	7.93650793650794	0	13.4065934065934	15.6535597745146	99.9999999999068	2.60114811850591	37.7052128613598	22.8572297517365	NO
zic2b	12	0.792557864093523	2.28796962912588e-08	0.432	2.06190476190476	17.4603174603175	4.66780985542152	41.7582417582418	7.64054974052026	40.0171343979283	0.792557864093523	0.612891055482442	19.612168363543	NO
ZIC2B	42	0.792557864093523	2.28796962912588e-08	0.432	2.06190476190476	65.0793650793651	4.66780985542152	41.7582417582418	7.64054974052026	40.0171343979283	0.792557864093523	0.612891055482442	43.4216921730668	YES
znf385b	19	1.54467433998975	4.66045520940505e-09	0.216	2.81818181818182	28.5714285714286	6.67396927075308	18.021978021978	8.33157164088493	45.1899063777152	1.54467433998975	16.038024687262	25.0261990804278	NO
